SplineSet
138 199 m 128,-1,1
 138 149 138 149 173 113 c 0,2,3
 208 78 208 78 258 78 c 128,-1,4
 308 78 308 78 344 113 c 1,5,6
 376.237304688 146.158203125 376.237304688 146.158203125 376.237304688 190.34375 c 0,7,8
 376.237304688 194.131835938 376.237304688 194.131835938 376 198 c 0,9,10
 373 248 373 248 341 284 c 1,11,12
 308 319 308 319 258 319 c 128,-1,13
 208 319 208 319 173 284 c 128,-1,0
 138 249 138 249 138 199 c 128,-1,1
137 39.9521484375 m 1,14,-1
 137 -180 l 1,15,-1
 55 -180 l 1,16,-1
 55 203 l 2,17,18
 55 287 55 287 114 346 c 0,19,20
 173 406 173 406 257 406 c 128,-1,21
 341 406 341 406 400 346 c 0,22,23
 459 287 459 287 459 203 c 0,24,25
 459 120 459 120 400 60 c 0,26,27
 341 1 341 1 257 1 c 0,28,29
 188.747070312 1 188.747070312 1 137 39.9521484375 c 1,14,-1
EndSplineSet

